265918
202748
55648
134734
181312
206905
138231
268871
277202
204244
253669
261615
264734
200349
273485
154121
264733
276766
192429
253729
162129
267303
182287
194118
172949
266912
267128
268399
128795
128796
114793
204791
215211
102013
252593
164767
109097
109055
224884
171107
62586
280081
260210
116508
40638
59319
47488
95118
61604
14894
33284
132578
36405
165660
17898
60432
149984
275637
92270
8373
278138
234848
156542
102902
70999
91122
237174
79814
31843
161255
77703
34827
3489
127958
74786
69543
152359
248366
191836
131389
283441
190339
24938
271148
19432
185665
9496
96351
287434
116273
112795
183925
47397
235141
218976
145141
59229
112864
140401
211115
87382
80292
28231
290041
288176
285312
277571
271776
263531
262692
262038
238145
237091
230332
229552
218917
163532
218467
233960
206024
161667
154804
118168
292303
62082
153475
209519
195287
193736
223083
218917
267604
204077
279622
84385
218466
133737
101950
12217
135653
158496
195142
280983
185197
158092
208557
251169
187533
229259
147093
252283
286263
186122
125392
202793
246288
206273
187391
180316
210954
160737
197172
161012
265400
184289
111117
161792
246169
173101
204130
201869
267615
186780
173859
141469
122228
100968
186883
123249
170213
173019
178178
159605
283100
259727
184293
184359
171107
62586
280081
260210
116508
40638
59319
47488
95118
61604
14894
33284
132578
36405
165660
17898
60432
149984
275637
92270
8373
278138
234848
156542
102902
70999
91122
237174
79814
31843
161255
77703
34827
3489
127958
74786
69543
152359
248366
191836
131389
283441
190339
24938
271148
19432
185665
9496
96351
287434
116273
112795
183925
47397
235141
218976
145141
59229
112864
140401
211115
87382
80292
28231
146595
75165
85289
155235
107965
261451
204746
188717
220958
158123
113611
139062
209704
204224
253687
204669
266577
247540
209088
210670
65915
224001
188853
175015
238477
234932
149939
249938
